Network Saved: 2015-08-13 19:41:51.285002
Cost Function: Quadratic
Activation Function: Sigmoid
Slope Parameter: 1
Weights Array: 
[array([[-0.65657135, -0.84551519],
       [-0.60687758,  0.01368883],
       [-0.49557034,  0.95626734],
       [-0.31632683, -0.34327683],
       [ 0.53780252,  0.15564478],
       [ 0.09239602, -0.18891884],
       [-0.6311791 , -0.175883  ],
       [ 0.0797823 ,  0.81046157],
       [ 0.86877099,  0.39702274],
       [ 0.10886974, -0.37317042],
       [-0.0619447 ,  0.64286123],
       [-0.79482533,  0.66514627],
       [-0.65621532, -0.56128949],
       [ 0.26945573, -0.13078525],
       [-0.45247072, -0.76730838]]), array([[ -7.03361628e-01,   6.56659656e-01,  -7.38207212e-01,
         -1.95230619e-01,  -8.38128912e-01,   9.05584536e-01,
          3.01606803e-01,   8.52317115e-01,   4.03823124e-01,
         -5.74474759e-01,  -5.23872201e-01,   3.42537283e-01,
          7.78964063e-01,   2.81161790e-01,   8.03197491e-01],
       [ -4.01548467e-01,  -7.02801713e-01,  -5.35140474e-01,
         -1.32709414e-01,   1.99212902e-01,   5.12916363e-02,
         -2.82766535e-01,   2.33762709e-01,  -5.44673072e-01,
         -8.31696775e-01,  -5.70503943e-01,  -5.15654112e-01,
          1.62863371e-01,   7.44153172e-02,  -3.63093272e-01],
       [  3.75087232e-01,  -3.70581455e-01,  -2.65665204e-01,
          6.65607512e-01,  -6.04636590e-02,  -8.05685204e-01,
          1.20661405e-01,  -4.59887954e-01,  -3.71696506e-01,
         -3.94439549e-01,   6.87360878e-02,  -9.96866122e-01,
          6.49854426e-01,  -6.72879179e-01,   5.42260127e-01],
       [ -5.76526479e-01,  -5.66278115e-01,  -3.69544864e-01,
          1.66963122e-01,  -6.19867697e-01,  -6.22426208e-01,
          8.50082016e-01,  -4.02037613e-01,   1.94869816e-01,
         -3.52087346e-01,  -9.44503984e-01,   3.90078407e-01,
         -4.30963637e-01,   1.93986437e-01,   8.16118171e-01],
       [ -9.60102509e-03,  -7.56651602e-01,   5.06255509e-01,
         -4.04547147e-01,   6.43769274e-01,   2.27590706e-02,
         -9.44219826e-01,   4.23492341e-01,   6.45336395e-01,
          1.20247868e-01,   3.36475674e-01,   9.52744563e-01,
          5.50520714e-01,   6.39114683e-01,  -7.23456951e-01],
       [ -3.21100136e-01,  -6.72877339e-01,   4.53260870e-01,
         -5.30141581e-01,  -3.43861401e-01,  -6.66843695e-01,
          6.37151288e-01,   6.83406275e-01,   8.29918744e-01,
          9.33982072e-02,   7.88891047e-01,  -3.93954382e-01,
          7.94441094e-01,  -3.96786941e-01,  -2.70972561e-01],
       [ -7.42778870e-01,   8.87139973e-01,  -3.82954741e-01,
          6.36581370e-01,  -8.04788403e-02,   6.43597392e-01,
          5.13410803e-01,   5.98134405e-01,  -3.30318562e-01,
          2.81762415e-02,   5.86399108e-01,  -2.06017779e-02,
         -1.89160813e-01,  -5.71548840e-01,   3.11935892e-01],
       [  8.01697815e-01,  -5.80043309e-01,   4.98678094e-01,
         -7.89386703e-01,   5.21108953e-02,   6.07526605e-01,
          7.73580580e-01,   4.11537545e-01,  -2.40789659e-01,
          8.24451768e-01,   3.73037855e-01,   8.64419631e-02,
          1.28199891e-01,  -2.67734114e-01,  -7.22047410e-01],
       [ -1.08826657e-01,  -1.00688926e-01,  -6.54328247e-01,
          5.88052661e-01,   1.20520737e-01,  -2.23869608e-01,
          3.20516430e-01,   6.81064640e-01,   1.15456844e-01,
          6.01121073e-01,   6.17300401e-01,  -6.31883249e-01,
         -1.95394946e-01,   1.51244404e-01,  -8.72332030e-01],
       [ -7.41474413e-01,   5.18251247e-01,  -6.54267292e-01,
         -5.97391132e-01,  -2.32543118e-01,  -5.05548233e-01,
          1.35455573e-01,   9.09750814e-01,  -6.95172719e-01,
         -5.35715647e-01,   2.93835548e-01,  -9.79419843e-01,
          3.87961359e-01,   3.32092453e-01,  -6.35154916e-01],
       [ -3.89289752e-01,   1.28294198e-01,   9.84186799e-01,
         -3.86479710e-01,   1.81454164e-01,  -5.87034775e-01,
          5.06529845e-01,  -8.85949343e-01,  -1.31975552e-01,
          4.72865045e-02,   9.23003992e-01,   8.92184458e-01,
         -5.91090725e-01,  -9.12714144e-01,   6.14452848e-01],
       [  4.52003357e-01,  -7.17261014e-01,  -6.20509201e-01,
         -1.86081967e-01,   4.56568874e-01,   7.79141221e-01,
         -9.64608579e-01,  -8.33962998e-01,   7.83523139e-01,
          1.85326028e-01,  -4.70129702e-01,  -1.04757016e-02,
         -7.30741505e-01,   7.87680833e-01,   5.53041103e-01],
       [  8.52817178e-01,  -6.95797864e-02,  -1.45178477e-01,
          1.40986125e-02,  -4.87038656e-01,  -3.41548140e-01,
          5.64041139e-01,  -9.91447575e-01,   2.92212282e-01,
         -9.12900710e-01,   8.22806811e-01,  -3.50877597e-01,
         -6.03758475e-01,  -7.20810078e-01,   8.29558599e-01],
       [  5.94220258e-01,  -3.83653861e-01,   8.41343630e-01,
         -5.65990599e-01,  -7.57239146e-01,  -5.56161471e-01,
          7.70291215e-01,   5.63634224e-01,  -6.39352716e-02,
          5.49761063e-01,  -3.36974302e-02,  -9.15649063e-01,
         -7.97853668e-02,  -6.88182609e-01,  -1.17240256e-02],
       [ -5.59775751e-01,   2.26102519e-01,   5.79335280e-01,
          8.95835794e-01,   8.72110167e-02,  -1.84720997e-01,
         -2.43998631e-01,  -4.20626759e-01,  -1.49379397e-01,
         -5.02025977e-01,  -7.66773561e-01,   1.38760218e-01,
         -2.62205254e-01,  -7.21828080e-01,   7.91570333e-01],
       [  1.16004175e-01,  -5.69774848e-01,   7.05387897e-01,
         -5.25464798e-02,  -7.06985787e-02,  -4.24320493e-01,
          3.51358269e-01,   1.32342595e-01,  -8.17111329e-01,
         -6.36484176e-01,  -9.41690024e-01,  -9.97816243e-01,
          8.44342250e-01,  -5.00083698e-01,   3.97685476e-01],
       [  6.81037226e-01,  -6.18478955e-01,   5.05513382e-01,
         -5.84658121e-01,   3.11352219e-01,  -5.53956416e-01,
         -1.58180300e-01,  -6.67218364e-01,  -6.38505133e-02,
          1.89973525e-01,   7.60691457e-01,   7.60773077e-01,
         -2.43842915e-01,   4.34907757e-02,   9.12265011e-01],
       [ -4.81058024e-01,  -1.45148905e-01,  -2.61919747e-01,
          6.48242237e-01,   4.49121835e-01,  -2.50309806e-01,
          3.54522004e-01,  -6.94390026e-01,  -1.86653507e-01,
          1.85962695e-01,  -8.40951605e-01,  -9.16028002e-01,
         -6.77846185e-01,   3.95026629e-01,   5.02304112e-01],
       [ -4.49351649e-01,   7.00182680e-01,   4.92891625e-01,
         -6.11984131e-02,   7.05912048e-01,  -2.70363884e-01,
          7.27985897e-01,  -3.55599501e-01,  -5.83228421e-01,
         -8.86874183e-01,   3.54368173e-01,   6.62574696e-01,
          4.63467278e-01,   5.77797466e-01,   5.99615355e-01],
       [  3.00085524e-01,  -1.71329205e-01,  -1.26953505e-01,
          3.11372006e-01,  -1.48013584e-01,  -9.35275625e-01,
          5.08547449e-01,  -7.71902213e-01,  -6.14242539e-01,
          7.10554926e-01,   2.82117010e-01,  -8.32424887e-01,
         -7.85836015e-01,   9.03850976e-01,  -6.92217703e-01],
       [  2.90674635e-01,  -1.85741713e-01,  -4.86349279e-01,
          1.67189961e-01,   3.57468211e-01,  -3.73498867e-01,
         -6.47800292e-01,  -4.07973548e-02,   7.91269432e-01,
         -8.22007443e-01,   5.95088993e-01,  -3.59900863e-01,
          1.38901289e-01,   7.83596873e-02,   1.28003422e-01],
       [ -3.42292258e-01,   6.87431876e-01,  -2.31270392e-01,
          7.91048201e-02,   6.41762825e-01,  -2.02778645e-04,
          2.52788562e-01,  -1.30775099e-01,   1.63340656e-01,
         -3.48313811e-01,  -5.84341225e-01,  -6.28194547e-01,
          3.65265849e-01,   6.17761837e-01,   1.69003358e-01],
       [ -6.47169033e-01,  -9.80663725e-01,  -8.14539381e-01,
          5.18121191e-01,  -6.35713586e-01,  -7.05675269e-01,
         -7.31996508e-01,   3.35121786e-02,   9.83564435e-01,
          7.95085318e-01,  -4.09111788e-01,   7.40469422e-01,
          5.72878106e-01,  -5.09921070e-01,  -6.06580679e-01],
       [ -9.70570440e-02,   5.64392368e-01,  -1.71930146e-01,
         -7.27583205e-01,  -9.83575996e-01,  -4.59121920e-01,
          7.65432152e-02,   3.62879657e-01,   9.95687912e-01,
         -8.96476708e-01,  -7.66159873e-01,  -8.68620812e-02,
         -2.02588538e-01,  -7.26044072e-01,   8.75663503e-01],
       [  1.06423090e-01,  -8.31903163e-01,   3.77016577e-01,
         -3.58860699e-01,  -6.94041068e-02,   7.70367219e-01,
         -9.93700220e-01,  -5.19348075e-01,   7.76724503e-02,
         -5.19086082e-01,   1.42038934e-02,   7.45097667e-01,
          9.94148199e-01,   9.70280235e-01,   4.84125612e-01],
       [ -8.72586497e-01,  -4.26795195e-01,   4.29439031e-01,
          7.89041598e-01,  -5.91308517e-01,   8.01264331e-02,
          2.59588106e-01,  -4.73432891e-01,   2.04821645e-01,
          9.55989634e-01,   8.56986255e-01,   3.57712386e-01,
         -5.55324925e-01,   1.56265311e-01,  -3.83689814e-01],
       [  2.02580092e-01,   8.05544180e-01,  -9.81504029e-01,
         -9.52269087e-01,  -9.68344613e-01,  -4.49765578e-01,
          4.13273553e-01,  -1.04701355e-01,   1.51673461e-01,
         -9.56495290e-01,   2.62989003e-01,  -6.05724149e-01,
          1.57133962e-01,   9.59735904e-01,   6.73767169e-01],
       [ -2.87214383e-01,   3.73892493e-02,  -3.60016411e-01,
          7.54071880e-01,   9.92988151e-01,   8.05020549e-01,
         -5.73233624e-01,   9.07159601e-01,   4.70759198e-02,
         -8.79841975e-01,  -1.73017002e-01,   9.44577559e-01,
         -1.53334342e-01,   5.84889364e-01,  -7.71795168e-02],
       [  7.53866673e-01,   5.94018273e-01,   6.76514600e-01,
         -5.95209405e-01,   7.21918158e-01,   7.17548061e-01,
         -7.85327389e-01,  -8.83456555e-01,  -3.07996832e-01,
         -1.00686198e-01,   3.28115223e-01,  -8.52245502e-01,
         -7.72074838e-01,  -3.58775050e-01,   2.87454407e-01],
       [  3.80426569e-01,  -7.00188952e-01,   6.80804780e-01,
          2.10320347e-01,  -3.45982953e-01,   1.15542109e-01,
         -8.18781779e-01,  -5.03108483e-01,  -9.44857968e-01,
          7.93487443e-01,  -8.98785096e-01,  -4.50444945e-01,
          1.51278870e-02,  -5.05848644e-01,  -8.01283981e-01],
       [ -9.32329952e-01,   4.11878098e-01,  -1.58851155e-01,
          8.82005161e-01,  -8.26814378e-01,   5.48000227e-01,
         -8.82367573e-01,  -7.44553654e-01,   5.17423591e-01,
         -4.64266343e-02,   4.90326966e-01,   8.70098293e-01,
          7.22154174e-01,   5.32250588e-01,  -9.96942005e-01],
       [  8.99542790e-01,  -6.87430196e-01,   7.58611504e-02,
         -5.91447239e-01,  -1.89544439e-01,   4.89506349e-01,
         -5.16895709e-01,  -7.62982787e-01,   4.53991285e-01,
          7.55609395e-01,  -6.15067027e-01,   6.06571249e-01,
          2.88731843e-01,   1.59492951e-01,  -6.23704985e-01],
       [  9.69681120e-01,  -8.06530435e-01,  -5.84128313e-01,
         -9.92814145e-01,  -8.90288074e-01,  -2.10035835e-01,
         -8.44527234e-01,   9.77435438e-01,  -9.24819108e-01,
          9.00203917e-01,   4.88332449e-01,  -2.04666928e-01,
         -4.54442811e-01,   4.82786488e-01,   2.52806297e-01],
       [ -8.49791190e-01,  -6.97090136e-01,  -8.89226122e-01,
         -3.43306192e-01,   4.24160439e-01,  -7.80097013e-01,
          3.48327793e-01,  -7.33007121e-01,   1.22042057e-01,
          6.44118656e-01,   5.10311007e-01,   8.22840152e-02,
          2.63118738e-01,   9.34792696e-02,  -1.21812168e-01],
       [ -4.72722029e-01,   1.19915087e-01,  -9.01446940e-01,
          4.34265596e-02,  -3.37175962e-01,   5.10253811e-01,
          7.01396076e-01,   4.16856571e-01,  -8.65987746e-01,
         -4.87210744e-01,   8.99263186e-01,   7.28989648e-01,
          9.58557863e-01,   5.97144661e-02,  -3.24169296e-01],
       [ -1.29869469e-01,   6.41449302e-02,   8.80322781e-01,
          2.61500942e-02,   1.43435131e-01,  -2.15167039e-01,
          1.25265359e-01,   2.09808935e-01,  -4.46086130e-01,
          1.20425352e-01,   9.95063748e-01,  -8.31083419e-01,
          1.48234986e-01,   4.30467470e-01,  -8.23418661e-01],
       [  3.77980965e-01,  -1.80538828e-01,   3.07827519e-01,
         -3.80964604e-01,  -8.74297865e-01,  -5.23666616e-01,
          9.92231343e-01,   8.23200918e-02,   9.33234568e-01,
         -4.47684549e-01,   5.42407834e-02,   4.43412341e-01,
          3.36626275e-01,   1.71108210e-01,  -5.26656065e-01],
       [  7.70179210e-01,  -1.65718439e-01,   6.09458566e-01,
         -6.60919706e-01,  -7.75103017e-01,  -5.74546065e-01,
          1.01281762e-01,  -1.49182625e-02,   3.93742787e-01,
         -5.86220068e-02,   5.47979785e-01,   2.53489640e-01,
          1.83013556e-01,   9.18208542e-01,   6.19077162e-01],
       [ -1.66668384e-01,  -1.90639579e-02,   2.74704121e-01,
          6.52594830e-01,   9.46743395e-01,  -4.12681379e-01,
          5.70862425e-01,  -7.39477536e-01,  -4.95943423e-01,
          7.65924949e-02,  -3.60417012e-01,  -5.73031826e-01,
         -6.96112578e-01,  -9.26756110e-01,  -5.00909799e-01],
       [  1.67938064e-02,  -1.35270693e-01,   3.05885208e-01,
          1.82806891e-01,   7.18378140e-01,  -2.51285506e-01,
          3.60041087e-01,  -8.12536925e-01,   4.47559207e-01,
          5.72698519e-01,  -6.23461986e-01,  -1.66870319e-01,
          1.67752601e-01,  -3.18783606e-01,   9.25553190e-01],
       [  4.70620438e-01,   7.52179382e-01,   6.37005363e-01,
         -3.17026460e-01,   7.59175332e-01,  -8.03793383e-01,
          1.63287699e-01,   9.52495276e-01,  -9.00816528e-01,
         -5.22996427e-01,  -3.33333555e-01,   4.04710509e-01,
         -7.28181816e-02,   9.07509259e-01,   4.84839159e-01],
       [ -1.34179459e-01,  -6.59014033e-01,  -3.71626647e-01,
          2.21366682e-01,  -8.83950438e-01,  -3.83947109e-01,
         -7.74536061e-01,   9.34761316e-02,   1.99301659e-01,
         -8.16438351e-01,   4.89726068e-01,  -7.71563758e-01,
          6.81483016e-02,   9.42210908e-01,   2.87668767e-02],
       [  7.28996918e-01,   6.97854637e-01,   8.69226480e-02,
         -5.11714871e-01,   7.82220605e-01,  -2.03688740e-02,
         -4.45395193e-02,  -3.48988121e-01,   6.73858148e-01,
         -4.26166727e-01,   2.90839678e-01,   7.09791249e-01,
         -6.94292931e-01,  -1.52160803e-01,  -3.80361756e-01],
       [  1.07979340e-01,   3.95845935e-01,  -5.65455351e-01,
          1.00546857e-01,   1.16060603e-01,  -4.97159468e-01,
          7.19057164e-01,   6.05339364e-01,  -4.53132324e-01,
          6.08638881e-01,  -9.46926013e-01,  -8.18516150e-01,
         -9.11782653e-01,   4.46255799e-01,   1.47290805e-01],
       [ -7.13913328e-02,   7.06689643e-01,   3.47774178e-01,
          2.79773469e-01,   2.27460778e-01,  -5.59511582e-01,
         -1.98882276e-01,   3.40949103e-01,  -1.12177839e-01,
         -1.48241857e-01,   2.21624012e-01,   9.58264745e-01,
          9.73095913e-01,   6.07246313e-01,  -2.54835914e-01],
       [  6.76649543e-01,   9.35485621e-01,  -1.78313531e-01,
         -8.81660079e-01,   3.54222480e-01,  -8.64837648e-01,
          5.33347135e-01,   6.00921190e-01,  -6.98232095e-01,
          2.15083587e-01,   6.30410740e-01,   7.21698862e-01,
         -1.65880872e-01,   7.76497299e-01,   3.28229513e-01],
       [  9.29304568e-01,  -1.15114835e-01,   2.14720906e-01,
          1.18715907e-01,   3.59832245e-01,   1.53704315e-01,
          6.59057113e-02,  -8.21068138e-01,  -2.61044444e-01,
         -6.75320111e-01,   2.47273760e-01,  -4.56935236e-01,
          3.89018654e-01,   4.25095716e-01,   7.13268848e-01],
       [ -6.06977123e-01,   5.33902647e-01,  -9.97628743e-01,
          8.51383343e-01,  -7.82144464e-01,  -6.45502969e-01,
         -8.91249694e-01,  -9.00241322e-01,  -4.42668909e-01,
         -8.81597740e-01,  -6.20887651e-01,  -3.65284488e-01,
          4.52014492e-01,  -9.20124015e-01,   2.16002306e-01],
       [ -3.86439276e-01,  -9.73815041e-01,   9.81718239e-01,
          2.94155315e-02,   2.83520168e-02,  -7.31613794e-01,
          5.93176482e-01,  -2.77801702e-01,   3.46893633e-01,
          7.00345360e-01,  -4.49584874e-01,   5.18379156e-01,
          2.39308426e-01,   5.50555633e-01,   2.34855373e-01],
       [  8.20325549e-01,  -4.90568352e-01,  -6.14761912e-01,
          1.04458680e-02,   3.45447959e-01,   8.71068217e-01,
         -2.85766520e-01,   3.24587634e-01,  -4.70649240e-02,
          3.44434791e-01,   3.82564087e-01,  -2.75399226e-02,
         -3.60733551e-01,  -9.63580941e-01,  -3.19701820e-01]]), array([[-0.63622106,  0.86672184, -0.34478515,  0.51568881, -0.91467699,
         0.72649007, -0.0058566 ,  0.18968502, -0.79863529,  0.70592678,
         0.7104018 ,  0.93303476,  0.75582554,  0.12524954, -0.3383452 ,
         0.85232178,  0.99294131, -0.26071204, -0.35824235, -0.57481226,
         0.03379332, -0.65049628, -0.30362082,  0.57331995,  0.136415  ,
        -0.45271422,  0.19965688,  0.65787152,  0.12072576, -0.3689234 ,
         0.94599293, -0.15973401,  0.9748045 ,  0.09566924,  0.25005136,
         0.53856886,  0.73859669, -0.81375617, -0.62439738,  0.02532044,
        -0.38856407, -0.56959243, -0.91692679, -0.67414051, -0.63511955,
        -0.65563187,  0.58399899,  0.70938474,  0.35970573,  0.13049281],
       [ 0.243344  , -0.23405005,  0.07932736,  0.35157324,  0.94721728,
         0.28513992,  0.04970406, -0.80424117, -0.10907812,  0.30972369,
        -0.69762313, -0.37463752, -0.66935072,  0.40137186, -0.14790084,
        -0.40413629,  0.96431836,  0.25264603,  0.26017078,  0.28211595,
        -0.96165607,  0.11673141,  0.20423647, -0.47514844,  0.07119259,
         0.64738194,  0.72353923, -0.11894896, -0.51641129,  0.86196712,
         0.58717856,  0.54170436,  0.1897211 , -0.06242504, -0.16009174,
         0.67093148, -0.79913285,  0.74357024,  0.54284973, -0.89308887,
        -0.59256712,  0.45897455,  0.60383471, -0.42657695, -0.15057469,
         0.1642192 ,  0.43254439, -0.22284496, -0.48915759,  0.14698514]])]
Bias Array: 
[array([[ 1.],
       [ 1.],
       [ 1.],
       [ 1.],
       [ 1.],
       [ 1.],
       [ 1.],
       [ 1.],
       [ 1.],
       [ 1.],
       [ 1.],
       [ 1.],
       [ 1.],
       [ 1.],
       [ 1.]]), array([[ 1.],
       [ 1.],
       [ 1.],
       [ 1.],
       [ 1.],
       [ 1.],
       [ 1.],
       [ 1.],
       [ 1.],
       [ 1.],
       [ 1.],
       [ 1.],
       [ 1.],
       [ 1.],
       [ 1.],
       [ 1.],
       [ 1.],
       [ 1.],
       [ 1.],
       [ 1.],
       [ 1.],
       [ 1.],
       [ 1.],
       [ 1.],
       [ 1.],
       [ 1.],
       [ 1.],
       [ 1.],
       [ 1.],
       [ 1.],
       [ 1.],
       [ 1.],
       [ 1.],
       [ 1.],
       [ 1.],
       [ 1.],
       [ 1.],
       [ 1.],
       [ 1.],
       [ 1.],
       [ 1.],
       [ 1.],
       [ 1.],
       [ 1.],
       [ 1.],
       [ 1.],
       [ 1.],
       [ 1.],
       [ 1.],
       [ 1.]]), array([[ 1.],
       [ 1.]])]